00000000000000000000000000000000000000000000000000000000000000000000000000000000000000000000000000000000000000000000000000000000
00000000000000000000000000000000000000000000000000000000000000000000000000000000000000000000000000000000000000000000000000000000
00000000000000000000000000000000000000000000000000000000000000000000000000000000000000000000000000000000000000000000000000000000
00000000000000000000000000000000000000000000000000000000000000000000000000000000000000000000000000000000000000000000000000000000
00000000000000000000000000000000000000000000000000000000000000000000000000000000000000000000000000000000000000000000000000000000
00000000000000000000000000000000000000000000000000000000000000000000000000000000000000000000000000000000000000000000000000000000
00000000000000000000000000000000000000000000000000000000000000000000000000000000000000000000000000000000000000000000000000000000
00000000000000000000000000000000000000000000000000000000000000000000000000000000000000000000000000000000000000000000000000000000
00000000000000000000000000000000000000000000000000000000000000000000000000000000000000000000000000000000000000000000000000000000
00000000000000000000000000000000000000000000000000000000000000000000000000000000000000000000000000000000000000000000000000000000
00000000000000000000000000000000000000000000000000000000000000000000000000000000000000000000000000000000000000000000000000000000
00000000000000000000000000000000000000000000000000000000000000000000000000000000000000000000000000000000000000000000000000000000
00000000000000000000000000000000000000000000000000000000000000000000000000000000000000000000000000000000000000000000000000000000
00000000000000000000000000000000000000000000000000000000010000000000000000000000000000000000000000000000000000000000000000000000
00000000000000000000000000000000000000000000000000000000010000000000000000000000000000000000000000000000000000000000000000000000
00000000000000000000000000000000000000000000000000000000010000000000000000000000000000000000000000000000000000000000000000000000
00000000000000000000000000000000000000000000000000000000010000000000000000000000000000000000000000000000000000000000000000000000
00000000000000000000000000000000000000000000000000000000010000000000000000000000000000000000000000000000000000000000000000000000
00000000000000000000000000000000000000000000000000000000010000000000000000000000000000000000000000000000000000000000000000000000
00000000000000000000010000000000010000000000000000000000010000000000000000000000000000000000000000000000000000000000000000000000
00000000000000000000010000000000010000000000000000000000010000000000000000000000000000000000000000000000000000000000000000000000
00000000000000000000010000000000010000000000010000000000010000000000000000000000000000000000000000000000000000000000000000000000
00000000000000000000010000000000010000000000010000000000010000000000000000000000000000000000000000000000000000000000000000000000
00000000000000000000010000000000010000000000000000000000010000000000000000000000000000000000000000000000000000000000000000000000
00000000000000000000010000000000010000000000000000000000010000000000000000000000000000000000000000000000000000000000000000000000
00000000000000000000010000000000010000000000000000000000010000000000000000000000000000000000000000000000000000000000000000000000
00000000000000000000010000000000010000000000000000000000010000000000000000000000000000000000000000000000000000000000000000000000
00000000000000000000010000000000010000000000000000000000010000000000000000000000000000000000000000000000000000000000000000000000
00000000000000000000010000000000010000000000000000000000010000000000000000000000000000000000000000000000000000000000000000000000
00000000000000000000010000000000010000000000000000000000010000000000000000000000000000000000000000000000000000000000000000000000
00000000000000000000011111111111110000000000010000000000010000000000000000000000000000000000000000000000000000000000000000000000
00000000000000000000010000000000010000000000010000000000010000000000000000000000000000000000000000000000000000000000000000000000
00000000000000000000010000000000010000000000010000000000010000000000000000000000000000000000000000000000000000000000000000000000
00000000000000000000010000000000010000000000010000000000010000000000000000000000000000000000000000000000000000000000000000000000
00000000000000000000010000000000010000000000010000000000010000000000000000000000000000000000000000000000000000000000000000000000
00000000000000000000010000000000010000000000010000000000000000000000000000000000000000000000000000000000000000000000000000000000
00000000000000000000010000000000010000000000010000000000000000000000000000000000000000000000000000000000000000000000000000000000
00000000000000000000010000000000010000000000010000000000000000000000000000000000000000000000000000000000000000000000000000000000
00000000000000000000010000000000010000000000010000000000010000000000000000000000000000000000000000000000000000000000000000000000
00000000000000000000010000000000010000000000010000000000010000000000000000000000000000000000000000000000000000000000000000000000
00000000000000000000010000000000010000000000010000000000010000000000000000000000000000000000000000000000000000000000000000000000
00000000000000000000010000000000010000000000000000000000010000000000000000000000000000000000000000000000000000000000000000000000
00000000000000000000000000000000000000000000000000000000000000000000000000000000000000000000000000000000000000000000000000000000
00000000000000000000000000000000000000000000000000000000000000000000000000000000000000000000000000000000000000000000000000000000
00000000000000000000000000000000000000000000000000000000000000000000000000000000000000000000000000000000000000000000000000000000
00000000000000000000000000000000000000000000000000000000000000000000000000000000000000000000000000000000000000000000000000000000
00000000000000000000000000000000000000000000000000000000000000000000000000000000000000000000000000000000000000000000000000000000
00000000000000000000000000000000000000000000000000000000000000000000000000000000000000000000000000000000000000000000000000000000
00000000000000000000000000000000000000000000000000000000000000000000000000000000000000000000000000000000000000000000000000000000
00000000000000000000000000000000000000000000000000000000000000000000000000000000000000000000000000000000000000000000000000000000
00000000000000000000000000000000000000000000000000000000000000000000000000000000000000000000000000000000000000000000000000000000
00000000000000000000000000000000000000000000000000000000000000000000000000000000000000000000000000000000000000000000000000000000
00000000000000000000000000000000000000000000000000000000000000000000000000000000000000000000000000000000000000000000000000000000
00000000000000000000000000000000000000000000000000000000000000000000000000000000000000000000000000000000000000000000000000000000
00000000000000000000000000000000000000000000000000000000000000000000000000000000000000000000000000000000000000000000000000000000
00000000000000000000000000000000000000000000000000000000000000000000000000000000000000000000000000000000000000000000000000000000
00000000000000000000000000000000000000000000000000000000000000000000000000000000000000000000000000000000000000000000000000000000
00000000000000000000000000000000000000000000000000000000000000000000000000000000000000000000000000000000000000000000000000000000
00000000000000000000000000000000000000000000000000000000000000000000000000000000000000000000000000000000000000000000000000000000
00000000000000000000000000000000000000000000000000000000000000000000000000000000000000000000000000000000000000000000000000000000
00000000000000000000000000000000000000000000000000000000000000000000000000000000000000000000000000000000000000000000000000000000
00000000000000000000000000000000000000000000000000000000000000000000000000000000000000000000000000000000000000000000000000000000
00000000000000000000000000000000000000000000000000000000000000000000000000000000000000000000000000000000000000000000000000000000
00000000000000000000000000000000000000000000000000000000000000000000000000000000000000000000000000000000000000000000000000000000
