00000000000000000000000000000000000000000000000000000000000000000000000000000000000000000000000000000000000000000000000000000000
00000000000000000000000000000000000000000000000000000000000000000000001100001111000000000000000000000000000000000000000010000000
00000000000000000000000000000000000000000000000000000000000000000000110011010000111001000000000000000000000000000001000010000100
00000000000000000000000000000000000000000000000000000000000000000001000000100000000110100000000000000000000000000000100000001000
00000000011000011110000000000000000000000000000000000000000000000010000000000000000000101000000000000000000000000000000111000000
00000001100110100001110010000000000000000000000000000000000000000010000000000000000000010100000000000000000000000000001111100000
00000010000001000000001101000000000000000000000000000000000000000100000000000000000000000010000000000000000000000000011111110000
00000100000000000000000001010000000000000000000000000000000000000100000000000000000000000001000000000000000000000011011111110110
00000100000000000000000000101000000000000000000000000000000000001000000000000000000000000000100000000000000000000000011111110000
00001000000000000000000000000100000000000000000000000000000000001000000000000000000000000000010000000000000000000000001111100000
00001000000000000000000000000010000000000000000000000000000000000100000000000000000000000000100000000000000000000000000111000000
00010000000000000000000000000001000000000000000000000000000000000010000000000000000000000001000000000000000000000000100000001000
00010000000000000000000000000000100000000000000000000000000000000001000000000000000000000000100000000000000000000001000010000100
00001000000000000000000000000001000000000000000000000000000000000001000000000000000000000000010000000000000000000000000010000000
00000100000000000000000000000010000000000000000000000000000000000000111000000000000000000000100000000000000000000000000000000000
00000010000000000000000000000001000000000000000000000000000000000000000100000010000000010011000000000000000000000000000000000000
00000010000000000000000000000000100000000000000000000000000000000000000011000101100001101100000000000000000000000000000000000000
00000001110000000000000000000001000000000000000000000000000000000000000000111000011110000000000000000000000000000000000000000000
00000000001000000100000000100110000000000000000000000000000000000000000000000000000000000000000000000000000000000000000000000000
00000000000110001011000011011000000000000000000000000000000000000000000000000000000000000000000000000000000000000000000000000000
00000000000001110000111100000000000000000000000000000000000000000000000000000000000000000000000000000000000000000000000000000000
00000000000000000000000000000000000000000000000000000000000000000000000000000000000000000000000000000000000000000000000000000000
00000000000000000000000000000000000000000000000000000000000000000000000000000000000000000000000000000000000000000000000000000000
00000000000000000000000000000000000000000000000000000000000000000000000000000000000000000000000000000000000000000000000000000000
00000000000000000000000000000000000000000000000000000000000000000000000000000000000000000000000000000000000000000000000000000000
00000000000000000000000000000000000000000000000000000000000000000000000000000000000000000000000000000000000000000000000000000000
00000000000000000000000000000000000000000000000000000000000000000000000000000000000000000000000000000000000000000000000000000000
00000000000000000000000000000000000000000000000000000000000000000000000000000000000000000000000000000000000000000000000000000000
00000000000000000000000000000000000000000000000000000000000000000000000000000000000000000000000000000000000000000000000000000000
00000000000000000000000000000000000000000000000000000000000000000000000000000000000000000000000000000000000000000000000000000000