00000000000000000000000000000000000000000000000000000000000000000000000000000000000000000000000000000000000000000000000000000000
00000000000000000000000000000000000000000000000000000000000000000000000000000000000000000000000000000000000000000000000000000000
00000000000000000000000000000000000000000000000000000000000000000000000000000000000000000000000000000000000000000000000000000000
00000000000000000000000000000000000000000000000000000000000000000000000000000000000000000000000000000000000000000000000000000000
00000000000000000000000000000000000000000000000000000000000000000000000000000000000000000000000000000000000000000000000000000000
00000000000000000000000000000000000000000000000000000000000000000000000000000000000000000000000000000000000000000000000000000000
00000000000000000000000000000000000000000000000000000000000000000000000000000000000000000000000000000000000000000000000000000000
00000000000000000000000000000000000000000000000000000000000000000000000000000000000000000000000000000000000000000000000000000000
00000000000000000000000000000000000000000000000000000000000000000000000000000000000000000000000000000000000000000000000000000000
00000000000000000000000000000000000000000000000000000000000000000000000000000000000000000000000000000000000000000000000000000000
00000000000000000000000000000000000000000000000000000000000000000000000000000000000000000000000000000000000000000000000000000000
00000000000000000000000000000000001111110000000000000000000000000000000000000000000000000000000000000000000000000000000000000000
00000000000000000000000000000000010000001000000000000000000000000000000000000000000000000000000000000000000000000000000000000000
00000000000000000000000000000000100000001000000000000000000000000000000000000000000000000000000000000000000000000000000000000000
00000000000000000000000000000001000000001000000000000000000000000000000000000000000000000000000000000000000000000000000000000000
00000000000000000000000000000010000000001000000000000000000000000000000000000000000000000000000000000000000000000000000000000000
00000000000000000000000000000100000000001000000000000000000000000000000000000000000000000000000000000000000000000000000000000000
00000000000000000000000000001000000000001000000000000000000000000000000000000000000000000000000000000000000000000000000000000000
00000000000000000000000000000100000000010000000000000000000000000000000000000000000000000000000000000000000000000000000000000000
00000000000000000000000000000010000000100000000000000000000000000000000000000000000000000000000000000000000000000000000000000000
00000000000000000000000000000100000001000000000000000000000000000000000000000000000000000000000000000000000000000000000000000000
00000000000000000000000000001000100010000000000000000000000000000000000000000000000000000000000000000000000000000000000000000000
00000000000000000000000000010001010100000000000000000000000000000000000000000000000000000000000000000000000000000000000000000000
00000000000000000000000000100010001000000000000000000000000000000000000000000000000000000000000000000000000000000000000000000000
00000000000000000000000001000100000000000000000000000000000000000000000000000000000000000000000000000000000000000000000000000000
00000000000000000000000010001000000000000000000000000000000000000000000000000000000000000000000000000000000000000000000000000000
00000000000000000000000100010000000000000000000000000000000000000000000000000000000000000000000000000000000000000000000000000000
00000000000000000000001000100000000000000000000000000000000000000000000000000000000000000000000000000000000000000000000000000000
00000000000000000000010001000000000000000000000000000000000000000000000000000000000000000000000000000000000000000000000000000000
00000000000000001000100010000000000000000000000000000000000000000000000000000000000000000000000000000000000000000000000000000000
00000000000000010101000100000000000000000000000000000000000000000000000000000000000000000000000000000000000000000000000000000000
00000000000000100010001000000000000000000000000000000000000000000000000000000000000000000000000000000000000000000000000000000000
00000000000000010001010000000000000000000000000000000000000000000000000000000000000000000000000000000000000000000000000000000000
00000000000000001000100000000000000000000000000000000000000000000000000000000000000000000000000000000000000000000000000000000000
00000000000000000100010000000000000000000000000000000000000000000000000000000000000000000000000000000000000000000000000000000000
00000000000000000010001000000000000000000000000000000000000000000000000000000000000000000000000000000000000000000000000000000000
00000000000000000001010000000000000000000000000000000000000000000000000000000000000000000000000000000000000000000000000000000000
00000000000000000000100000000000000000000000000000000000000000000000000000000000000000000000000000000000000000000000000000000000
00000000000000000000000000000000000000000000000000000000000000000000000000000000000000000000000000000000000000000000000000000000
00000000000000000000000000000000000000000000000000000000000000000000000000000000000000000000000000000000000000000000000000000000
00000000000000000000000000000000000000000000000000000000000000000000000000000000000000000000000000000000000000000000000000000000
00000000000000000000000000000000000000000000000000000000000000000000000000000000000000000000000000000000000000000000000000000000
00000000000000000000000000000000000000000000000000000000000000000000000000000000000000000000000000000000000000000000000000000000
00000000000000000000000000000000000000000000000000000000000000000000000000000000000000000000000000000000000000000000000000000000
00000000000000000000000000000000000000000000000000000000000000000000000000000000000000000000000000000000000000000000000000000000
00000000000000000000000000000000000000000000000000000000000000000000000000000000000000000000000000000000000000000000000000000000
00000000000000000000000000000000000000000000000000000000000000000000000000000000000000000000000000000000000000000000000000000000
00000000000000000000000000000000000000000000000000000000000000000000000000000000000000000000000000000000000000000000000000000000
00000000000000000000000000000000000000000000000000000000000000000000000000000000000000000000000000000000000000000000000000000000
00000000000000000000000000000000000000000000000000000000000000000000000000000000000000000000000000000000000000000000000000000000
00000000000000000000000000000000000000000000000000000000000000000000000000000000000000000000000000000000000000000000000000000000
00000000000000000000000000000000000000000000000000000000000000000000000000000000000000000000000000000000000000000000000000000000
00000000000000000000000000000000000000000000000000000000000000000000000000000000000000000000000000000000000000000000000000000000
00000000000000000000000000000000000000000000000000000000000000000000000000000000000000000000000000000000000000000000000000000000
00000000000000000000000000000000000000000000000000000000000000000000000000000000000000000000000000000000000000000000000000000000
00000000000000000000000000000000000000000000000000000000000000000000000000000000000000000000000000000000000000000000000000000000
00000000000000000000000000000000000000000000000000000000000000000000000000000000000000000000000000000000000000000000000000000000
00000000000000000000000000000000000000000000000000000000000000000000000000000000000000000000000000000000000000000000000000000000
00000000000000000000000000000000000000000000000000000000000000000000000000000000000000000000000000000000000000000000000000000000
00000000000000000000000000000000000000000000000000000000000000000000000000000000000000000000000000000000000000000000000000000000
00000000000000000000000000000000000000000000000000000000000000000000000000000000000000000000000000000000000000000000000000000000
00000000000000000000000000000000000000000000000000000000000000000000000000000000000000000000000000000000000000000000000000000000
00000000000000000000000000000000000000000000000000000000000000000000000000000000000000000000000000000000000000000000000000000000
00000000000000000000000000000000000000000000000000000000000000000000000000000000000000000000000000000000000000000000000000000000