00000000000000000000000000000000000000000000000000000000000000000000000000000000000000000000000000000000000000000000000000000000
00000000000000000000000000000000000000000000000000000000000000000000000000000000000000000000000000000000000000000000000000000000
00000000000000000000000000000000000000000000000000000000000000000000000000000000000000000000000000000000000000000000000000000000
00000000000000000000000000000000000000000000000000000000000000000000000000000000000000000000000000000000000000000000000000000000
00000000000000000000000000000000000000000000000000000000000000000000000000000000000000000000000000000000000000000000000000000000
00000000000000000000000000000000000000000000000000000000000000000000000000000000000000000000000000000000000000000000000000000000
00000000000000000000000000000000000000000000000000000000000000000000000000000000000000000000000000000000000000000000000000000000
00000000000000000000000000000000000000000000000000000000000000000000000000000000000000000000000000000000000000000000000000000000
00000000000000000000000000000000000000000000000000000000000000000000000000000000000000000000000000000000000000000000000000000000
00000000000000000000000000000000000000000000000000000000000000000000000000000000000000000000000000000000000000000000000000000000
00000000000000000000000000000000000000000000000000000000000000000000000000000000000000000000000000000000000000000000000000000000
00000000000000000000000000000000000000000000000000000000000000000000000000000000000000000000000000000000000000000000000000000000
00000000000000000000000000000000000000000000000000000000000000000000000000000000000000000000000000000000000000000000000000000000
00000000000000000000000000000000000000000000000000000000000000000000000000000000000000000000000000000000000000000000000000000000
00000000000000000000000000000000000000000000000000000000000000000000000000000000000000000000000000000000000000000000000000000000
00000000000000000000100000000000000000000000000000000000000000000000000000000000000000000000000000000000000000000000000000000000
00000000000000000001010000000000000000000000000000000000000000000000000000000000000000001110000000000000000000000000000000000000
00000000000000000010001000000000000000000000000000000000000000000000000000000000000000010001100000000000000000000000000000000000
00000000000000000100010000000000000000000000000000000000000000000000000000000000000000001000010000000000000000000000000000000000
00000000000000001000100000000000000000000000000000000000000000000000000000000000000000010000001000000000000000000000000000000000
00000000000000010001010000000000000000000000000000000000000000000000000000000000000000010000000100000000000000000000000000000000
00000000000000100010001000000000000000000000000000000000000000000000000000000000000000100010000010000000000000000000000000000000
00000000000000010101000100000000000000000000000000000000000000000000000000000000000000101100000010000000000000000000000000000000
00000000000000001000100010000000000000000000000000000000000000000000000000000000000001110000000001000000000000000000000000000000
00000000000000000000010001000000000000000000000000000000000000000000000000000000000010000000000001000000000000000000000000000000
00000000000000000000001000100000000000000000000000000000000000000000000000000000000100000000000110110000000000000000000000000000
00000000000000000000000100010000000000000000000000000000000000000000000000000000000100000000111000001000000000000000000000000000
00000000000000000000000010001000000000000000000000000000000000000000000000000000001000000111000000001000000000000000000000000000
00000000000000000000000001000100000000000000000000000000000000000000000000000000001000111000000011100100000000000000000000000000
00000000000000000000000000100010001000000000000000000000000000000000000000000000001111111100000111110110000000000000000000000000
00000000000000000000000000010001010100000000000000000000000000000000000000000000010011000110001100011001000000000000000000000000
00000000000000000000000000001000100010000000000000000000000000000000000000000000100011000110001100011000100000000000000000000000
00000000000000000000000000000100000001000000000000000000000000000000000000000000100011000110001100011000100000000000000000000000
00000000000000000000000000000010000000100000000000000000000000000000000000000001000011000110001100011000100000000000000000000000
00000000000000000000000000000100000000010000000000000000000000000000000000000001000001111100000111110000100000000000000000000000
00000000000000000000000000001000000000001000000000000000000000000000000000000001000000111000000011100000100000000000000000000000
00000000000000000000000000000100000000001000000000000000000000000000000000000001000000000000000000000000010000000000000000000000
00000000000000000000000000000010000000001000000000000000000000000000000000000010000000000000000000000000001000000000000000000000
00000000000000000000000000000001000000001000000000000000000000000000000000000100000000011111111111100000010100000000000000000000
00000000000000000000000000000000100000001000000000000000000000000000000000001000000000001111111111000001100100000000000000000000
00000000000000000000000000000000010000001000000000000000000000000000000000001000000000000011111100000110000100000000000000000000
00000000000000000000000000000000001111110000000000000000000000000000000000001000000000000000000000011000000100000000000000000000
00000000000000000000000000000000000000000000000000000000000000000000000000001000000000000000000001100000000100000000000000000000
00000000000000000000000000000000000000000000000000000000000000000000000000001000000000000000000110000000011000000000000000000000
00000000000000000000000000000000000000000000000000000000000000000000000000000111111111111111111111111111100000000000000000000000
00000000000000000000000000000000000000000000000000000000000000000000000000000000000000000000000000000000000000000000000000000000
00000000000000000000000000000000000000000000000000000000000000000000000000000000000000000000000000000000000000000000000000000000
00000000000000000000000000000000000000000000000000000000000000000000000000000000000000000000000000000000000000000000000000000000
00000000000000000000000000000000000000000000000000000000000000000000000000000000000000000000000000000000000000000000000000000000
00000000000000000000000000000000000000000000000000000000000000000000000000000000000000000000000000000000000000000000000000000000
00000000000000000000000000000000000000000000000000000000000000000000000000000000000000000000000000000000000000000000000000000000
00000000000000000000000000000000000000000000000000000000000000000000000000000000000000000000000000000000000000000000000000000000
00000000000000000000000000000000000000000000000000000000000000000000000000000000000000000000000000000000000000000000000000000000
00000000000000000000000000000000000000000000000000000000000000000000000000000000000000000000000000000000000000000000000000000000
00000000000000000000000000000000000000000000000000000000000000000000000000000000000000000000000000000000000000000000000000000000
00000000000000000000000000000000000000000000000000000000000000000000000000000000000000000000000000000000000000000000000000000000
00000000000000000000000000000000000000000000000000000000000000000000000000000000000000000000000000000000000000000000000000000000
00000000000000000000000000000000000000000000000000000000000000000000000000000000000000000000000000000000000000000000000000000000
00000000000000000000000000000000000000000000000000000000000000000000000000000000000000000000000000000000000000000000000000000000
00000000000000000000000000000000000000000000000000000000000000000000000000000000000000000000000000000000000000000000000000000000
00000000000000000000000000000000000000000000000000000000000000000000000000000000000000000000000000000000000000000000000000000000
00000000000000000000000000000000000000000000000000000000000000000000000000000000000000000000000000000000000000000000000000000000
00000000000000000000000000000000000000000000000000000000000000000000000000000000000000000000000000000000000000000000000000000000
00000000000000000000000000000000000000000000000000000000000000000000000000000000000000000000000000000000000000000000000000000000