00011111111111110000000000
00100000000000001000000000
01000000000000000100000000
10000000000000000010000000
10000000000000000010000000
10000000000000000010000000
10011100111011110010000000
10010010010010010010001000
10010010010010010010011100
10011100010011110010111110
10010010010010000011110111
10010010111010000010111110
10000000000000000010011100
10000000000000000010001000
10000000000000000010001010
10000000000000000010001100
10000000000000000010001000
10000000000000000010101000
10000000000000000010011000
10000000000000000010001000