00000000000000000000000000000000000000000000000000000000000000000000000000000000000000000000000000000000000000000000000000000000
00000000000000000000000000000000000000000000000000000000000000000000000000000000000111111111111111100000000000000000000000000000
00000000000000000000000000000000000000000000000000000000000000000000000000000000000111111111111111100000000000000000000000000000
00000000000000000000000000000000000000000000000000000000000000000000000000000001111000000000000000011110000000000000000000000000
00000000000000000000000000000000000000000000000000000000000000000000000000000001111000000000000000011110000000000000000000000000
00000000000000000000000000000000000000000000000000000000000000001111111111111110000000000000000000000001111111111110000000000000
00000000000000000000000000000000000000000000000000000000000000001111111111111110000000000000000000000001111111111110000000000000
00000000000000000000000000000000000000000000000000000000000000001100000000000000000000000000000000000000000000000110000000000000
00000000000000000000000000000000000000000000000000000000000000001100000000000000000000000000000000000000000000000110000000000000
00000000000000000000000000000000000000000000000000000000000000001100000000000000000000000000000000000000000000000110000000000000
00000000000000000000000000000000000000000000000000000000000000001100000000000000000000000000000000000000000000000110000000000000
00000000000000000000000000000000000000000000000000000000000000000011000000000000000000000000000000000000000000011000000000000000
00000000000000000000000000000000000000000000000000000000000000000011100000000000000000000000000000000000000000011000000000000000
00000000000000000000000000000000000000000000000000000000000000000011100000000000001111110000011111100000000000011000000000000000
00000000000000000000000000000000000000000000000000000000000000000011100000000000000000000000000000000000000000011000000000000000
00000000000000000000000000000000000000000000000000000000000000000011000000000000000000000000000000000000000000011000000000000000
00000000000000000000000000000000000000000000000000000000000000000000110000000000000000000000000000000000000001100000000000000000
00000000000000000000000000000000000000000000000000000000000000000000110000001100000000000000000000000011000001100000000000000000
00000000000000000000000000000000000000000000000000000000000000000000001100000011000000000000000000001100000110000000000000000000
00000000000000000000000000000000000000000000000000000000000000000000001100000000110000001111100000110000000110000000000000000000
00000000000000000000000000000000000000000000000000000000000000000000001100000000000000000111000001001000000110000000000000000000
00000000000000000000000000000000000000000000000000000000000000000000001100001111110000000010000000111111000110000000000000000000
00000000000000000000000000000000000000000000000000000000000000000000001100000000000000000010000000000000000110000000000000000000
00000000000000000000000000000000000000000000000000000000000000000000001100000000110000000010000000110010000110000000000000000000
00000000000000000000000000000000000000000000000000000000000000000000001100000011000000000010000000001100000110000000000000000000
00000000000000000000000000000000000000000000000000000000000000000000001100001100000000111101111000000011000110000000000000000000
00000000000000000000000000000000000000000000000000000000000000000000000011000000000001000000000100000000011000000000000000000000
00000000000000000000000000000000000000000000000000000000000000000000000011000000000000000000000000000000011000000000000000000000
00000000000000000000000100000000000000000000000000000000000000000000000011000000000000000000000000000000011000000000000000000000
00000000000000000000000111111111111111111000000000000000000000000000000011000000000000000000000000000000011000000000000000000000
00000001100000000000000001100000000000000100000000000000000000000000000000110000000000000000000000000001100000000000000000000000
00000001100000000000000001100111001000100010000000000000000000000000000000110000000000000000000000000001100000000000000000000000
00000001111111111111111111100100100101000011000000000000000000000000000000001100000000000000000000000110000000000000000000000000
00000001100000000000000001100111000010000011111111110000000000000000000000001100000000000000000000000110000000000000000000000000
00000001111111111111111111100101000101000011000000000000000000000000000000001100000000000000000000000001100000000000000000000000
00000001100000000000000001100100101000100010000000000000000000000000000000000011000000000000000000000001100000000000000000000000
00000001100000000000000001100000000000000100000000000000000000000000000000000011000000000000000000000000011000000000000000000000
00000000000000000000000111111111111111111000000000000000000000000000000000000011000000000000000000000000011000000000000111100000
00000000000000000000000100000000000000000000000000000000000000000000000000000011000000000000000000000000000110000000000111100000
00000000000000000000000000000000000000000000000000000000000000000000000000000011000000000000000000000000000110000000011000011000
00000000000000000000000000000000000000000000000000000000000000000000000000000011000000000000000000000000000110000000011000011000
00000000000000000000000000000000000000000000000000000000000000000000000000000011000000000000000000000000000110000000011000000110
00000000000000000000000000000000000000000000000000000000000000000000000000000011000000000000000000000000000001100000000110000110
00000000000000000000000000000000000000000000000000000000000000000000000000000011000000000000000000000000000001100000000110000110
00000000000000000000000000000000000000000000000000000000000000000000000000000011000000000000000000000000000001100000000110000110
00000000000000000000000000000000000000000000000000000000000000000000000000000011000000000000000000000000000001100000000110000110
00000000000000000000000000000000000000000000000000000000000000000000000000000000110000000000000000110000000001100000000110000110
00000000000000000000000000000000000000000000000000000000000000000000000000000000110000000000000000110000000001100000000110000110
00000000000000000000000000000000000000000000000000000000000000000000000000000000110000000110000000110000000001100000011000000110
00000000000000000000000000000000000000000000000000000000000000000000000000000000110000000110000000110000000001100000011000000110
00000000000000000000000000000000000000000000000000000000000000000000000000000000110000000110000000110000000001100000011000011000
00000000000000000000000000000000000000000000000000000000000000000000000000000000110000000110000000110000000001100000011000011000
00000000000000000000000000000000000000000000000000000000000000000000000000000000110000000110000000110000000001100001100000011000
00000000000000000000000000000000000000000000000000000000000000000000000000000000110000000110000000110000000001100001100000011000
00000000000000000000000000000000000000000000000000000000000000000000000000000000001100000110000011000000000001111110000000011000
00000000000000000000000000000000000000000000000000000000000000000000000000000000001100000110000011000000000001111110000001100000
00000000000000000000000000000000000000000000000000000000000000000000000000000000001100000110000011000000000000000000000001100000
00000000000000000000000000000000000000000000000000000000000000000000000000000000001100000110000011000000000000000000011110000000
00000000000000000000000000000000000000000000000000000000000000000000000000000000001100000110000011000000000000000000011110000000
00000000000000000000000000000000000000000000000000000000000000000000000000000000001100000110000011000000000001111111100000000000
00000000000000000000000000000000000000000000000000000000000000000000000000000000001100000110000011000000000001111111100000000000
00000000000000000000000000000000000000000000000000000000000000000000000000000000000011111001111111111111111110000000000000000000
00000000000000000000000000000000000000000000000000000000000000000000000000000000000011111001111111111111111110000000000000000000
00000000000000000000000000000000000000000000000000000000000000000000000000000000000000000000000000000000000000000000000000000000