00000000000000000000000000000000000000000000000000000000000000000000000000000000000000000000000000000000000000000000000000000000
00000000000000000000000000000000000000000000000000000000000000000000000000000000000111111111111111100000000000000000000000000000
00000000000000000000000000000000000000000000000000000000000000000000000000000000000111111111111111100000000000000000000000000000
00000000000000000000000000000000000000000000000000000000000000000000000000000001111000000000000000011110000000000000000000000000
00000000000000000000000000000000000000000000000000000000000000000000000000000001111000000000000000011110000000000000000000000000
00000000000000000000000000000000000000000000000000000000000000001111111111111110000000000000000000000001111111111110000000000000
00000000000000000000000000000000000000000000000000000000000000001111111111111110000000000000000000000001111111111110000000000000
00000000000000000000000000000000000000000000000000000000000000001100000000000000000000000000000000000000000000000110000000000000
00000000000000000000000000000000000000000000000000000000000000001100000000000000000000000000000000000000000000000110000000000000
00000000000000000000000000000000000000000000000000000000000000001100000000000000000000000000000000000000000000000110000000000000
00000000000000000000000000000000000000000000000000000000000000001100000000000000000000000000000000000000000000000110000000000000
00000000000000000000000000000000000000000000000000000000000000000011000000000000000011100000001110000000000000011000000000000000
00000000000000000000000000000000000000000000000000000000000000000011100000000000000100010000010001000000000000011000000000000000
00000000000000000000000000000000000000000000000000000000000000000011100000000000001100011000110001100000000000011000000000000000
00000000000000000000000000000000000000000000000000000000000000000011100000000000000100010000010001000000000000011000000000000000
00000000000000000000000000000000000000000000000000000000000000000011000000000000000011100000001110000000000000011000000000000000
00000000000000000000000000000000000000000000000000000000000000000000110000000000000000000000000000000000000001100000000000000000
00000000000000000000000000000000000000000000000000000000000000000000110000001100000000000000000000000011000001100000000000000000
00000000000000000000000000000000000000000000000000000000000000000000001100000011000000000000000000001100000110000000000000000000
00000000000000000000000000000000000000000000000000000000000000000000001100000000110000001111100000110000000110000000000000000000
00000000000000000000000000000000000000000000000000000000000000000000001100000000000000000111000001001000000110000000000000000000
00000000000000000000000000000000000000000000000000000000000000000000001100001111110000000010000000111111000110000000000000000000
00000000000000000000000000000000000000000000000000000000000000000000001100000000000000000010000000000000000110000000000000000000
00000000000000000000000000000000000000000000000000000000000000000000001100000000110000000010000000110010000110000000000000000000
00000000000000000000000000000000000000000000000000000000000000000000001100000011000000000010000000001100000110000000000000000000
00000000000000000000000000000000000000000000000000000000000000000000001100001100000001111101111100000011000110000000000000000000
00000000000000000000000000000000000000000000000000000000000000000000000011000000000000000000000000000000011000000000000000000000
00000000000000000000000000000000000000000000000000000000000000000000000011000000000000000000000000000000011000000000000000000000
00000000000000000000000000000000000000000000000000000000000000000000000011000000000000000000000000000000011000000000000000000000
00000000000000000000000000000000000000000000000000000000000000000000000011000000000000000000000000000000011000000000000000000000
00000000000000000000000000000000000000000000000000000000000000000000000000110000000000000000000000000001100000000000000000000000
00000000000000000000000000000000000000000000000000000000000000000000000000110000000000000000000000000001100000000000000000000000
00000000000000000000000000000000000000000000000000000000000000000000000000001100000000000000000000000110000000000000000000000000
00000000000000000000000000000000000000000000000000000000000000000000000000001100000000000000000000000110000000000000000000000000
00000000000000000000000000000000000000000000000000000000000000000000000000001100000000000000000000000001100000000000000000000000
00000000000000000000000000000000000000000000000000000000000000000000000000000011001111111111111110000001100000000000000000000000
00000000000000000000000000000000000000000000000000000000000000000000000000000011010001000000010001000000011000000000000000000000
00000000000000000000000000000000000000000000000000000000000000000000000000000011010001010101010001000000011000000000000111100000
00000000000000000000000000000000000000000000000000000000000000000000000000000011010001000000010001000000000110000000000111100000
00000000000000000000000000000000000000000000000000000000000000000000000000000011010001010101010001000000000110000000011000011000
00000000000000000000000000000000000000000000000000000000000000000000000000000011010001000000010001000000000110000000011000011000
00000000000000000000000000000000000000000000000000000000000000000000000000000011001111111111111110000000000110000000011000000110
00000000000000000000000000000000000000000000000000000000000000000000000000000011000000000000000000000000000001100000000110000110
00000000000000000000000000000000000000000000000000000000000000000000000000000011000000000000000000000000000001100000000110000110
00000000000000000000000000000000000000000000000000000000000000000000000000000011000000000000000000000000000001100000000110000110
00000000000000000000000000000000000000000000000000000000000000000000000000000011000000000000000000000000000001100000000110000110
00000000000000000000000000000000000000000000000000000000000000000000000000000000110000000000000000110000000001100000000110000110
00000000000000000000000000000000000000000000000000000000000000000000000000000000110000000000000000110000000001100000000110000110
00000000000000000000000000000000000000000000000000000000000000000000000000000000110000000110000000110000000001100000011000000110
00000000000000000000000000000000000000000000000000000000000000000000000000000000110000000110000000110000000001100000011000000110
00000000000000000000000000000000000000000000000000000000000000000000000000000000110000000110000000110000000001100000011000011000
00000000000000000000000000000000000000000000000000000000000000000000000000000000110000000110000000110000000001100000011000011000
00000000000000000000000000000000000000000000000000000000000000000000000000000000110000000110000000110000000001100001100000011000
00000000000000000000000000000000000000000000000000000000000000000000000000000000110000000110000000110000000001100001100000011000
00000000000000000000000000000000000000000000000000000000000000000000000000000000001100000110000011000000000001111110000000011000
00000000000000000000000000000000000000000000000000000000000000000000000000000000001100000110000011000000000001111110000001100000
00000000000000000000000000000000000000000000000000000000000000000000000000000000001100000110000011000000000000000000000001100000
00000000000000000000000000000000000000000000000000000000000000000000000000000000001100000110000011000000000000000000011110000000
00000000000000000000000000000000000000000000000000000000000000000000000000000000001100000110000011000000000000000000011110000000
00000000000000000000000000000000000000000000000000000000000000000000000000000000001100000110000011000000000001111111100000000000
00000000000000000000000000000000000000000000000000000000000000000000000000000000001100000110000011000000000001111111100000000000
00000000000000000000000000000000000000000000000000000000000000000000000000000000000011111001111111111111111110000000000000000000
00000000000000000000000000000000000000000000000000000000000000000000000000000000000011111001111111111111111110000000000000000000
00000000000000000000000000000000000000000000000000000000000000000000000000000000000000000000000000000000000000000000000000000000