00000000000000000000000000000000
00000011111111111111111111000000
00000100000000000000000000100000
00001000000000000000000000010000
00010000000000000000000000001000
00100000000001111110000000000100
01000000000110000001100000000010
10000000001000000000010000000001
10000000010000000000001000000001
10000000100000000000000100000001
10000000100000000000000100000001
10000001000100000000100010000001
10000001000011000011000010000001
10000001000000100100000010000001
10000001000111100111100010000001
10000000100000000000000100000001
10000000100000010000000100000001
10000000100000100000000100000001
10000000100000111000000100000001
10000000010000000000001000000001
10000000010000000000001000000001
10000000001001111100010000000001
10000000000101000101100000000010
10000000000001010100000000000100
10000000000001010100000000001000
10000000000000111000000000010000
01000000000000000000000000100000
00100011111111111111111111000000
00100100000000000000000000000000
00101000000000000000000000000000
00110000000000000000000000000000
00100000000000000000000000000000
