11111111111111111111111111111111111111111111111111111111111111111111111111111111111111111111111111111111111111111111111111111111
11111111111111111111111111111111111011111111111111111111111111111111111111111111111110111111111111111111111111111111111111111111
11111110100111111110111011111111111001101101111101111111101001111111101110111111111110011011011111011111111010011111111011101111
01010100100010100010100011111011001000100101001100010101001000101000101000111110110010001001010011000101010010001010001010001111
10010001000010000010010001010011000101000001000010100100010000100000100100010100110001010000010000101001000100001000001001000101
01001001010000000100000001010000100010000000100100010010010100000001000000010100001000100000001001000100100101000000010000000101
00000000100000001000000000010000000000000000010000000000001000000010000000000100000000000000000100000000000010000000100000000001
00001100000000100000000010000000000000000100000000110000000010000000001000000000000000110000000010000000001000000000000000010000
00001000011100100001100111001100010010100110000000100001110010000110011100110001000000100001110010000110011100110001001010011000
01010000010000011000100000000101110101000010000101000001000001100010000000010111010101000001000001100010000000010111010100001000
10100010010000001000110001000100010000000110001010001001000000100011000100010001001010001001000000100011000100010001000000011000
00000011000111000010000001110000000100110000100000001100011100001000000111000000010000001100011100001000000111000000010011000010
00010010000110001110011000100010100010010001000001001000011000111001100010001010000001001000011000111001100010001010001001000100
01110000000000000010011000000101000100010000100111000000000000001001100000010100010111000000000000001001100000010100010001000010