00000000000000000000000000000000000000000000000000000000000000000000000000000000000000000000000000000000000000000000000000000000
00000000000000000000000000000000000000000000000000000000000001111100000000000000000000000000000000000000000000000000000000000000
00000000000000000000000000000000000000000000000000000000001111111111100000000000000000000000000000000000000000000000000000000000
00000000000000000000000000000000000000000000000000000011111111111111111110000000000000000000000000000000000000000000000000000000
00000000000000000000000000000000000000000000000000001111110000000000011111100000000000000000000000000000000000000000000000000000
00000000000000000000000000000000000000000000000000111100000000000000000001111000000000000000000000000000000000000000000000000000
00000000000000000000000000000000000000000000000011110000000000000000000000011110000000000000000000000000000000000000000000000000
00000000000000000000000000000000000000000000000111000000000000000000000000000111000000000000000000000000000000000000000000000000
00000000000000000000000000000000000000000000001100000000000000000000000000000001100000000000000000000000000000000000000000000000
00000000000000000000000000000000000000000000111000000000000000000000000000000000111000000000000000000000000000000000000000000000
00000000000000000000000000000000000000000001110000000000000000000000000000000000011100000000000000000000000000000000000000000000
00000000000000000000000000000000000000000011100000000000000000000000000000000000001110000000000000000000000000000000000000000000
00000000000000000000000000000000000000000111110000000000000000000000000000000000011111000000000000000000000000000000000000000000
00000000000000000000000000000000000000000110111000000000000000000000000000000000111011000000000000000000000000000000000000000000
00000000000000000000000000000000000000001100011100000000000000000000000000000001110001100000000000000000000000000000000000000000
00000000000000000000000000000000000000011000001110000000000000000000000000000011100000110000000000000000000000000000000000000000
00000000000000000000000000000000000000110000000111000000000000000000000000000111000000011000000000000000000000000000000000000000
00000000000000000000000000000000000000110000000011100000000000000000000000001110000000011000000000000000000000000000000000000000
00000000000000000000000000000000000001100000000001110000000000000000000000011100000000001100000000000000000000000000000000000000
00000000000000000000000000000000000001100000000000111000000000000000000000111000000000001100000000000000000000000000000000000000
00000000000000000000000000000000000011000000000000011100000000000000000001110000000000000110000000000000000000000000000000000000
00000000000000000000000000000000000011000000000000001110000000000000000011100000000000000110000000000000000000000000000000000000
00000000000000000000000000000000000110000000000000000111000000000000000111000000000000000011000000000000000000000000000000000000
00000000000000000000000000000000000110000000000000000011100000000000001110000000000000000011000000000000000000000000000000000000
00000000000000000000000000000000000110000000000000000001110000000000011100000000000000000011000000000000000000000000000000000000
00000000000000000000000000000000000110000000000000000000111000000000111000000000000000000011000000000000000000000000000000000000
00000000000000000000000000000000001100000000000000000000011100000001110000000000000000000001100000000000000000000000000000000000
00000000000000000000000000000000001100000000000000000000001110000011100000000000000000000001100000000000000000000000000000000000
00000000000000000000000000000000001100000000000000000000000111000111000000000000000000000001100000000000000000000000000000000000
00000000000000000000000000000000011100000000000000000000000011101110000000000000000000000001110000000000000000000000000000000000
00000000000000000000000000000000011100000000000000000000000001111100000000000000000000000001110000000000000000000000000000000000
00000000000000000000000000000000011100000000000000000000000000111000000000000000000000000001110000000000000000000000000000000000
00000000000000000000000000000000011100000000000000000000000001111100000000000000000000000001110000000000000000000000000000000000
00000000000000000000000000000000001100000000000000000000000011101110000000000000000000000001100000000000000000000000000000000000
00000000000000000000000000000000001100000000000000000000000111000111000000000000000000000001100000000000000000000000000000000000
00000000000000000000000000000000001100000000000000000000001110000011100000000000000000000001100000000000000000000000000000000000
00000000000000000000000000000000000100000000000000000000011100000001110000000000000000000001100000000000000000000000000000000000
00000000000000000000000000000000000110000000000000000000111000000000111000000000000000000011000000000000000000000000000000000000
00000000000000000000000000000000000110000000000000000001110000000000011100000000000000000011000000000000000000000000000000000000
00000000000000000000000000000000000110000000000000000011100000000000001110000000000000000011000000000000000000000000000000000000
00000000000000000000000000000000000010000000000000000111000000000000000111000000000000000011000000000000000000000000000000000000
00000000000000000000000000000000000011000000000000001110000000000000000011100000000000000110000000000000000000000000000000000000
00000000000000000000000000000000000011000000000000011100000000000000000001110000000000000110000000000000000000000000000000000000
00000000000000000000000000000000000001100000000000111000000000000000000000111000000000001100000000000000000000000000000000000000
00000000000000000000000000000000000001100000000001110000000000000000000000011100000000001100000000000000000000000000000000000000
00000000000000000000000000000000000000110000000011100000000000000000000000001110000000011000000000000000000000000000000000000000
00000000000000000000000000000000000000110000000111000000000000000000000000000111000000011000000000000000000000000000000000000000
00000000000000000000000000000000000000011000001110000000000000000000000000000011100000110000000000000000000000000000000000000000
00000000000000000000000000000000000000001100011100000000000000000000000000000001110001100000000000000000000000000000000000000000
00000000000000000000000000000000000000000110111000000000000000000000000000000000111011000000000000000000000000000000000000000000
00000000000000000000000000000000000000000111110000000000000000000000000000000000011110000000000000000000000000000000000000000000
00000000000000000000000000000000000000000011100000000000000000000000000000000000001110000000000000000000000000000000000000000000
00000000000000000000000000000000000000000001110000000000000000000000000000000000011100000000000000000000000000000000000000000000
00000000000000000000000000000000000000000000011000000000000000000000000000000000111000000000000000000000000000000000000000000000
00000000000000000000000000000000000000000000001100000000000000000000000000000001100000000000000000000000000000000000000000000000
00000000000000000000000000000000000000000000000111000000000000000000000000000111000000000000000000000000000000000000000000000000
00000000000000000000000000000000000000000000000011110000000000000000000000011110000000000000000000000000000000000000000000000000
00000000000000000000000000000000000000000000000000111100000000000000000001111000000000000000000000000000000000000000000000000000
00000000000000000000000000000000000000000000000000001111110000000000011111100000000000000000000000000000000000000000000000000000
00000000000000000000000000000000000000000000000000000011111111111111111110000000000000000000000000000000000000000000000000000000
00000000000000000000000000000000000000000000000000000000001111111111100000000000000000000000000000000000000000000000000000000000
00000000000000000000000000000000000000000000000000000000000001111100000000000000000000000000000000000000000000000000000000000000
00000000000000000000000000000000000000000000000000000000000000000000000000000000000000000000000000000000000000000000000000000000
00000000000000000000000000000000000000000000000000000000000000000000000000000000000000000000000000000000000000000000000000000000