0000000000000000000111111111111111100000000000000000000000000000
0000000000000000000111111111111111100000000000000000000000000000
0000000000000001111000000000000000011110000000000000000000000000
0000000000000001111000000000000000011110000000000000000000000000
1111111111111110000000000000000000000001111111111110000000000000
1111111111111110000000000000000000000001111111111110000000000000
1100000000000000000000000000000000000000000000000110000000000000
1100000000000000000000000000000000000000000000000110000000000000
1100000000000000000000000000000000000000000000000110000000000000
1100000000000000000000000000000000000000000000000110000000000000
0011000000000000000011000000000110000000000000011000000000000000
0011100000000000000100100000001001000000000000011000000000000000
0011100000000000001000010000010000100000000000011000000000000000
0011100000000000000000000000000000000000000000011000000000000000
0011000000000000000000000000000000000000000000011000000000000000
0000110000000000000000000000000000000000000001100000000000000000
0000110000001100000000000000000000000011000001100000000000000000
0000001100000011000000000000000000001100000110000000000000000000
0000001100000000110000001111100000110000000110000000000000000000
0000001100000000000000000111000001001000000110000000000000000000
0000001100001111110000000010000000111111000110000000000000000000
0000001100000000000000000010000000000000000110000000000000000000
0000001100000000110000000010000000110010000110000000000000000000
0000001100000011000001000010000100001100000110000000000000000000
0000001100001100000000100101001000000011000110000000000000000000
0000000011000000000000011000110000000000011000000000000000000000
0000000011000000000000000000000000000000011000000000000000000000
0000000011000000000000000000000000000000011000000000000000000000
0000000011000000000000000000000000000000011000000000000000000000
0000000000110000000000000000000000000001100000000000000000000000
0000000000110000000000000000000000000001100000000000000000000000
0000000000001100000000000000000000000110000000000000000000000000
0000000000001100000000000000000000000110000000000000000000000000
0000000000001100000000000000000000000001100000000000000000000000
0000000000000011000000000000000000000001100000000000000000000000
0000000000000011000000000000000000000000011000000000000000000000
0000000000000011000000000000000000000000011000000000000111100000
0000000000000011000000000000000000000000000110000000000111100000
0000000000000011000000000000000000000000000110000000011000011000
0000000000000011000000000000000000000000000110000000011000011000
0000000000000011000000000000000000000000000110000000011000000110
0000000000000011000000000000000000000000000001100000000110000110
0000000000000011000000000000000000000000000001100000000110000110
0000000000000011000000000000000000000000000001100000000110000110
0000000000000011000000000000000000000000000001100000000110000110
0000000000000000110000000000000000110000000001100000000110000110
0000000000000000110000000000000000110000000001100000000110000110
0000000000000000110000000110000000110000000001100000011000000110
0000000000000000110000000110000000110000000001100000011000000110
0000000000000000110000000110000000110000000001100000011000011000
0000000000000000110000000110000000110000000001100000011000011000
0000000000000000110000000110000000110000000001100001100000011000
0000000000000000110000000110000000110000000001100001100000011000
0000000000000000001100000110000011000000000001111110000000011000
0000000000000000001100000110000011000000000001111110000001100000
0000000000000000001100000110000011000000000000000000000001100000
0000000000000000001100000110000011000000000000000000011110000000
0000000000000000001100000110000011000000000000000000011110000000
0000000000000000001100000110000011000000000001111111100000000000
0000000000000000001100000110000011000000000001111111100000000000
0000000000000000000011111001111111111111111110000000000000000000
0000000000000000000011111001111111111111111110000000000000000000