00000000000000000000000000
00000000000000000001110000
00000000000000000010001000
00000000000000000010000100
00001000000100000001100010
00010100001010000000010001
00010100001011000000001001
00100011110001000000001001
00100000000001000000001001
01000000000000111111110001
01001000001000000000000001
11000001000011000000000010
01000010100000000000000100
11000000000011000000000100
00100000000000000000000100
00010000000000000000000100
00100000000000000000000010
01000110000011111111100001
01001001001100000100010001
00110000110000000011101110