00001110000000000000000000
00010001000000000000000000
00100001000000000000000000
01000110000000100000010000
10001000000001010000101000
10010000000001010000101000
10010000000010001111000100
10010000000010000000000100
10001111111100000000000010
10000000000000010000010010
01000000000011000010000011
00100000000000000101000010
00100000000011000000000011
00100000000000000000000100
00100000000000000000001000
00100000000000000000000100
00100000000000000000000100
00100111111110000111000100
00100100100001001000100100
00011011000000110000011000