0000000000000000000000000000000000
0000000000000111000000000000000000
0000000000001000110000000000000000
0000000000000100001000000000000000
0000000000001000000100000000000000
0000000000001000000010000000000000
0000000000010001000001000000000000
0000000000010110000001000000000000
0000000000111000000000100000000000
0000000001000000000000100000000000
0000000010000000000011011000000000
0000000010000000011100000100000000
0000000100000011100000000100000000
0000000100011100000001110010000000
0000000111111110000011111011000000
0000001001100011000110001100100000
0000010001100011000110001100010000
0000010001100011000110001100010000
0000100001100011000110001100010000
0000100000111110000011111000010000
0000100000011100000001110000010000
0000100000000000000000000000001000
0001000000000000000000000000000100
0010000000001111111111110000001010
0100000000000111111111100000110010
0100000000000001111110000011000010
0100000000000000000000001100000010
0100000000000000000000110000000010
0100000000000000000011000000001100
0011111111111111111111111111110000
0000000000000000000000000000000000