00000000000000000000111100
00000000000000011110000100
00000000000000000010001000
00001000000100000100010000
00010100001010001000100000
00010100001010010000111100
00100011110001011110000000
00100000000001000000000000
01000000000000111111100000
01001000001000000000011000
11000001000011000000000100
01000010100000000000000010
11000000000011000000000010
01000000000000000000000001
01000000000000000000000001
01000000000000000000001001
00100000000000000000011001
00010000000000000011110010
00001000000000000100000100
00000111111111111111111000