0000000000000000000000000000000000000000000000000000000000000000
0000000000000000000000000000000000000000000000000000000000000000
0000000000000000000000000000000000000000000000000000000000000000
0000000000000000000000000000000000000000000000000000000000000000
0000000000000000000000000000000000000000000000000000000000000000
0000000000000000000000000000000000000000000000000000000000000000
0000000000000000000000000000000000000000000000000000000000000000
0000000000000000000000000000000000000000000000000000000000000000
0000000000000000000000000000000000000000000000000000000000000000
0000000000000000000000000000000000000000000000000000000000000000
0000000000000000000000000000000000000000000000000000000000000000
0000000000000000000000000000000000000000000000000000000000000000
0000000000000000000000000000000000000000000000000000000000000000
0000000000000000000000000000000000000000000000000000000000000000
0000000000000000000000000000000000000000000000000000000000000000
0000000000000000000000000000000000000000000000000000000000000000
0000000000000000000000000000000000000000000000000000000000000000
0000000000000000000000000001000000000000000000000000000000000000
0000000000000000000000000001000000000000000000000000000000000000
0000000000000000000000111111000000000000000000000000000000000000
0000000000000000000000100011000000000000000000000000000000000000
0000000000000000000000100011000000000000000000000000000000000000
0000000000000000000000100011000010001000000000000000000000000000
0000000000000000000000100011000101010100000000000000000000000000
0000000000000000000000100011000000100000000000000000000000000000
0000000000000000000000100011000000100000000000000000000000000000
0000000000000000000000100011000000100000000000000000000000000000
0000000000000000000000100011000000100000000000000000000000000000
0000000000000000000000100011000000100000000000000000000000000000
0000000000000000000000100010111111111111100000000000000000000000
0000000000000000000000100001000000000000010000000000000000000000
0000000000000000000000110001000000000000100000000000000000000000
0000000000000000000000010001000000000000100000000000000000000000
0000000000000000000000001000100000000000100000000000000000000000
0000000000000000000000001000010000000001000000000000000000000000
0000000000000000000000000100001000000010000000000000000000000000
0000000000000000000000000010000111111100000000000000000000000000
0000000000000000000000000010000000000100000000000000000000000000
0000000000000000000000000010000000000100000000000000000000000000
0000000000000000000000000010000000000010000000000000000000000000
0000000000000000000000000010000000000010000000000000000000000000
0000000000000000000000000100000000000010000000000000000000000000
0000000000000000000000000011111111111110000000000000000000000000
0000000000000000000000000000000000000000000000000000000000000000
0000000000000000000000000000000000000000000000000000000000000000
0000000000000000000000000000000000000000000000000000000000000000
0000000000000000000000000000000000000000000000000000000000000000
0000000000000000000000000000000000000000000000000000000000000000
0000000000000000000000000000000000000000000000000000000000000000
0000000000000000000000000000000000000000000000000000000000000000
0000000000000000000000000000000000000000000000000000000000000000
0000000000000000000000000000000000000000000000000000000000000000
0000000000000000000000000000000000000000000000000000000000000000
0000000000000000000000000000000000000000000000000000000000000000
0000000000000000000000000000000000000000000000000000000000000000
0000000000000000000000000000000000000000000000000000000000000000
0000000000000000000000000000000000000000000000000000000000000000
0000000000000000000000000000000000000000000000000000000000000000
0000000000000000000000000000000000000000000000000000000000000000
0000000000000000000000000000000000000000000000000000000000000000
0000000000000000000000000000000000000000000000000000000000000000
0000000000000000000000000000000000000000000000000000000000000000